RAISIM: [0] base
m: 22.2782  com:   -0.0147865 -0.000241351   0.00294742
0.154395 0.00852108 0.0382753 
0.00852108 1.34218 -7.9932e-05 
0.0382753 -7.9932e-05 1.41551 

RAISIM: [1] LF_HIP
m: 2.781  com:   0.0566606   -0.015294 -0.00829784
0.00329553 -1.03882e-05 0.000107062 
-1.03882e-05 0.00504435 -0.000319492 
0.000107062 -0.000319492 0.0057269 

RAISIM: [2] LF_THIGH
m: 3.071  com:   0.0308147 4.64995e-05   -0.245696
0.0295638 4.42919e-05 0.00414243 
4.42919e-05 0.029904 9.448e-05 
0.00414243 9.448e-05 0.00486108 

RAISIM: [3] LF_SHANK
m: 0.58842  com:   0.005462 -0.0612528 -0.0806598
0.0101611 -5.35713e-05 -2.26604e-05 
-5.35713e-05 0.00881038 -0.00181935 
-2.26604e-05 -0.00181935 0.00154978 

RAISIM: [4] RF_HIP
m: 2.781  com:   0.0567633    0.015294 -0.00829784
0.00329553 -1.10053e-05 -0.000109121 
-1.10053e-05 0.00504617 0.000319492 
-0.000109121 0.000319492 0.00572872 

RAISIM: [5] RF_THIGH
m: 3.071  com:   0.0308147 4.64995e-05   -0.245696
0.0295638 4.43959e-05 0.00414243 
4.43959e-05 0.029904 0.000114794 
0.00414243 0.000114794 0.00486108 

RAISIM: [6] RF_SHANK
m: 0.58842  com:   0.005462  0.0612528 -0.0806598
0.0101611 5.35713e-05 -2.26604e-05 
5.35713e-05 0.00881038 0.00181935 
-2.26604e-05 0.00181935 0.00154978 

RAISIM: [7] LH_HIP
m: 2.781  com:   0.0567633    0.015294 -0.00829784
0.00329553 -1.10053e-05 -0.000109121 
-1.10053e-05 0.00504617 0.000319492 
-0.000109121 0.000319492 0.00572872 

RAISIM: [8] LH_THIGH
m: 3.071  com:   0.0308147 4.64995e-05   -0.245696
0.0295638 4.43959e-05 0.00414243 
4.43959e-05 0.029904 0.000114794 
0.00414243 0.000114794 0.00486108 

RAISIM: [9] LH_SHANK
m: 0.58842  com:   0.005462  0.0612528 -0.0806598
0.0101611 5.35713e-05 -2.26604e-05 
5.35713e-05 0.00881038 0.00181935 
-2.26604e-05 0.00181935 0.00154978 

RAISIM: [10] RH_HIP
m: 2.781  com:   0.0566606   -0.015294 -0.00829784
0.00329553 -1.03882e-05 0.000107062 
-1.03882e-05 0.00504435 -0.000319492 
0.000107062 -0.000319492 0.0057269 

RAISIM: [11] RH_THIGH
m: 3.071  com:   0.0308147 4.64995e-05   -0.245696
0.0295638 4.42919e-05 0.00414243 
4.42919e-05 0.029904 9.448e-05 
0.00414243 9.448e-05 0.00486108 

RAISIM: [12] RH_SHANK
m: 0.58842  com:   0.005462 -0.0612528 -0.0806598
0.0101611 -5.35713e-05 -2.26604e-05 
-5.35713e-05 0.00881038 -0.00181935 
-2.26604e-05 -0.00181935 0.00154978 